# sample XS filterEff kfactor totalXS

# W hadronic + jets (Pythia)
304623  23.146          1.0         1.0     23.146
304624  1.4823          1.0         1.0     1.4823
304625  0.27757         1.0         1.0     0.27757
304626  0.035315        1.0         1.0     0.035315
304627  0.0038008       1.0         1.0     0.0038008

# Z hadronic + jets (Pythia)
304628  10.455          1.0         1.0     10.455
304629  0.67488         1.0         1.0     0.67488
304630  0.12507         1.0         1.0     0.12507
304631  0.015797        1.0         1.0     0.015797
304632  0.001705        1.0         1.0     0.001705
